2024030471
2024030472
2024030473
2024030474
2024030475
2024030476
2024030477
2024030478
2024030479
2024030480
2024030481
2024030482
2024030483
2024030484
2024030485
2024030486
2024030487
2024030488
2024030489
2024030490
2024030491
2024030492
2024030493
2024030494
2024030495
2024030496
2024030497
2024030498
2024030499
2024030500
2024030501
2024030502
2024030503
2024030504
2024030505
2024030506
2024030507
2024030508
2024030509
2024030510
2024030511
2024030512
2024030513
2024030514
2024030515
2024030516
2024030517
2024030518
2024030519
2024030520
2024030521
2024030522
2024030523
2024030524
2024030525
2024030526
2024030527
2024030528
2024030529
2024030530
2024030531
2024030532
2024030533
2024030534
2024030535
2024030536
2024030537
2024030538
2024030539
2024030540
2024030541
2024030542
2024030543
2024030544
2024030545
2024030546
2024030547
2024030548
2024030549
2024030550
2024030551
2024030552
2024030553
2024030554
2024030555
2024030556
2024030557
2024030558
2024030559
2024030560
2024030561
2024030562
2024030563
2024030564